
1.083984375 9.4205388998446919E+24 
1.08984375 8.3916394161231673E+24 
1.095703125 7.4813427906177932E+24 
1.1015625 6.6752795153046133E+24 
1.107421875 5.9609034354644194E+24 
1.11328125 5.3272501790437778E+24 
1.119140625 4.7647289124818344E+24 
1.125 4.2649426469492223E+24 
1.130859375 3.8205330284600602E+24 
1.13671875 3.4250461457737507E+24 
1.142578125 3.0728163987272953E+24 
1.1484375 2.7588659010947826E+24 
1.154296875 2.4788172583893008E+24 
1.16015625 2.2288178723574714E+24 
1.166015625 2.0054741887995442E+24 
1.171875 1.8057945309342078E+24 
1.177734375 1.6271393528450121E+24 
1.18359375 1.4671779116625659E+24 
1.189453125 1.323850497326491E+24 
1.1953125 1.1953354786407467E+24 
1.201171875 1.0800205269264098E+24 
1.20703125 9.7647746646623869E+23 
1.212890625 8.8344027629789189E+23 
1.21875 7.9978583259781361E+23 
1.224609375 7.2451703646635645E+23 
1.23046875 6.5674801970709381E+23 
1.236328125 5.9569116231655334E+23 
1.2421875 5.4064569082467728E+23 
1.248046875 4.9098765716817451E+23 
1.25390625 4.4616112413388814E+23 
1.259765625 4.0567040617185463E+23 
1.265625 3.6907323405330602E+23 
1.271484375 3.3597472887157023E+23 
1.27734375 3.0602208562271262E+23 
1.283203125 2.7889987937548346E+23 
1.2890625 2.5432591811780628E+23 
1.294921875 2.3204757598224479E+23 
1.30078125 2.1183854890568586E+23 
1.306640625 1.9349598204020736E+23 
1.3125 1.7683792455024426E+23 
1.318359375 1.6170107293267988E+23 
1.32421875 1.4793876879057827E+23 
1.330078125 1.3541922117203929E+23 
1.3359375 1.2402392723446052E+23 
1.341796875 1.1364626818120883E+23 
1.34765625 1.0419026020302551E+23 
1.353515625 9.5569442592815506E+22 
1.359375 8.7705887334876511E+22 
1.365234375 8.0529316337592069E+22 
1.37109375 7.3976314115914912E+22 
1.376953125 6.79896251662348E+22 
1.3828125 6.2517526536887026E+22 
1.388671875 5.7513267205003159E+22 
1.39453125 5.2934566843767805E+22 
1.400390625 4.8743167420348001E+22 
1.40625 4.4904431818352636E+22 
1.412109375 4.1386984342431881E+22 
1.41796875 3.8162388547604809E+22 
1.423828125 3.5204858351811717E+22 
1.4296875 3.2490998845472697E+22 
1.435546875 2.999957361388055E+22 
1.44140625 2.77112957434778E+22 
1.447265625 2.5608639997196563E+22 
1.453125 2.3675673921897879E+22 
1.458984375 2.1897905896962514E+22 
1.46484375 2.0262148350992745E+22 
1.470703125 1.8756394566719512E+22 
1.4765625 1.7369707665507136E+22 
1.482421875 1.6092120514842337E+22 
1.48828125 1.4914545437167699E+22 
1.494140625 1.3828692718321435E+22 
1.5 1.2826997020441977E+22 
1.505859375 1.1902550899004872E+22 
1.51171875 1.1049044708035748E+22 
1.517578125 1.026071225267898E+22 
1.5234375 9.5322816152460214E+21 
1.529296875 8.858930640539329E+21 
1.53515625 8.2362466194824783E+21 
1.541015625 7.6601897575821009E+21 
1.546875 7.127060057168355E+21 
1.55859375 6.1763036926993918E+21 
1.5703125 5.360099477937907E+21 
1.58203125 4.658350405773034E+21 
1.59375 4.0541137897512113E+21 
1.60546875 3.5330829365642244E+21 
1.6171875 3.0831577048266577E+21 
1.62890625 2.6940880873050483E+21 
1.640625 2.357177892556276E+21 
1.65234375 2.0650379767739798E+21 
1.6640625 1.8113803994024908E+21 
1.67578125 1.5908464357411633E+21 
1.6875 1.398862647225505E+21 
1.69921875 1.2315202419505278E+21 
1.7109375 1.0854737995827801E+21 
1.72265625 9.578561223936812E+20 
1.734375 8.4620653688689184E+20 
1.74609375 7.4841043184030777E+20 
1.7578125 6.6264819744173431E+20 
1.76953125 5.8735204182835344E+20 
1.78125 5.2116941809113235E+20 
1.79296875 4.6293200667852236E+20 
1.8046875 4.1162937325019549E+20 
1.81640625 3.6638656699208571E+20 
1.828125 3.2644504458570367E+20 
1.83984375 2.9114640481326413E+20 
1.8515625 2.5991850175902092E+20 
1.86328125 2.3226357366944507E+20 
1.875 2.0774808216349498E+20 
1.88671875 1.8599400461340308E+20 
1.8984375 1.6667136276772661E+20 
1.91015625 1.4949180439819695E+20 
1.921875 1.342030830217707E+20 
1.93359375 1.2058430448871013E+20 
1.9453125 1.0844182918922399E+20 
1.95703125 9.7605735438064042E+19 
1.96875 8.792676376547736E+19 
1.98046875 7.9273673803181998E+19 
1.9921875 7.1530955562546119E+19 
2.00390625 6.4596845456207331E+19 
2.015625 5.838160466180069E+19 
2.02734375 5.2806023574262432E+19 
2.0390625 4.7800121314412487E+19 
2.05078125 4.3302013700983374E+19 
2.0625 3.9256926872422425E+19 
2.07421875 3.5616336965520265E+19 
2.0859375 3.233721900580882E+19 
2.09765625 2.9381390511778619E+19 
2.109375 2.6714937321915359E+19 
2.12109375 2.4307710871539532E+19 
2.1328125 2.2132887618607096E+19 
2.14453125 2.016658258050397E+19 
2.15625 1.8387510028344416E+19 
2.16796875 1.677668531749741E+19 
2.1796875 1.5317162635244282E+19 
2.19140625 1.3993804137407527E+19 
2.203125 1.2793076541545404E+19 
2.21484375 1.1702871758460817E+19 
2.2265625 1.0712348587956285E+19 
2.23828125 9.8117928888545792E+18 
2.25 8.9924939657531945E+18 
2.26171875 8.246635202993536E+18 
2.2734375 7.5671972260774236E+18 
2.28515625 6.9478720875322184E+18 
2.296875 6.3829871625408389E+18 
2.30859375 5.867437603388075E+18 
2.3203125 5.3966263442732687E+18 
2.33203125 4.9664107721558907E+18 
2.34375 4.573055287502464E+18 
2.35546875 4.2131890732135895E+18 
2.3671875 3.8837684724513034E+18 
2.37890625 3.5820434481416545E+18 
2.390625 3.3055276599512812E+18 
2.40234375 3.0519717497107656E+18 
2.4140625 2.8193394745949005E+18 
2.42578125 2.6057863697539354E+18 
2.4375 2.4096406592807828E+18 
2.44921875 2.2293861670616082E+18 
2.4609375 2.0636470077608054E+18 
2.47265625 1.911173863439433E+18 
2.484375 1.7708316735277317E+18 
2.49609375 1.6415885854470257E+18 
2.5078125 1.5225060304318257E+18 
2.51953125 1.4127298043237478E+18 
2.53125 1.3114820465467448E+18 
2.54296875 1.2180540223434888E+18 
2.5546875 1.1317996238470538E+18 
2.56640625 1.0521295148457665E+18 
2.578125 9.7850585231764314E+17 
2.58984375 9.1043752509162099E+17 
2.6015625 8.4747585644686195E+17 
2.61328125 7.8921072318675814E+17 
2.625 7.352670488063703E+17 
2.63671875 6.8530163288628864E+17 
2.6484375 6.390002828581664E+17 
2.66015625 5.9607521785559629E+17 
2.671875 5.5626271754023994E+17 
2.68359375 5.1932099162083782E+17 
2.6953125 4.8502824830326035E+17 
2.70703125 4.5318094215665363E+17 
2.71875 4.2359218388550893E+17 
2.73046875 3.9609029628728013E+17 
2.7421875 3.705175022738503E+17 
2.75390625 3.4672873226392755E+17 
2.765625 3.2459053953146381E+17 
2.77734375 3.0398011323863328E+17 
2.7890625 2.8478437990575123E+17 
2.80078125 2.6689918498776454E+17 
2.8125 2.5022854704908336E+17 
2.82421875 2.3468397776599872E+17 
2.8359375 2.2018386164763299E+17 
2.84765625 2.0665288996049136E+17 
2.859375 1.940215438755321E+17 
2.87109375 1.8222562233638275E+17 
2.8828125 1.7120581057886694E+17 
2.89453125 1.6090728562021686E+17 
2.90625 1.5127935538595747E+17 
2.91796875 1.4227512845721648E+17 
2.9296875 1.338512117050429E+17 
2.94140625 1.2596743333413016E+17 
2.953125 1.1858658908917603E+17 
2.96484375 1.1167420958543982E+17 
2.9765625 1.0519834691319261E+17 
2.98828125 99129378835758208. 
3. 93439829054452928. 
3.01171875 8.810420215274192E+16 
3.0234375 8.3098831957598E+16 
3.03515625 78401742169943168. 
3.046875 7.3992518219048E+16 
3.05859375 69852189389230472. 
3.0703125 65963120351832456. 
3.08203125 62308911312244104. 
3.09375 58874306051422832. 
3.10546875 55645107204597952. 
3.1171875 52608098177293744. 
3.12890625 4.975097115098564E+16 
3.140625 47062260678138256. 
3.15234375 44531282409514032. 
3.1640625 42148076535890304. 
3.17578125 39903355562021448. 
3.1875 37788456063225328. 
3.19921875 35795294104592952. 
3.2109375 3.391632402980496E+16 
3.22265625 32144500351171392. 
3.234375 30473242494949796. 
3.24609375 28896402176476568. 
3.2578125 27408233198355236. 
3.26953125 26003363482006148. 
3.28125 24676769158490268. 
3.29296875 23423750558767772. 
3.3046875 22239909956585148. 
3.31640625 21121130929112604. 
3.328125 2.006355921133954E+16 
3.33984375 19063584930246176. 
3.3515625 18117826113884684. 
3.36328125 1.722311337889123E+16 
3.375 16376475707617602. 
3.38671875 15575127233106112. 
3.3984375 14816454956579518. 
3.41015625 1.409800732803726E+16 
3.421875 13417483625977082. 
3.43359375 12772724077248312. 
3.4453125 12161700662617252. 
3.45703125 11582508557837618. 
3.46875 11033358163875212. 
3.4921875 10018556204704436. 
3.515625 9105012789072486. 
3.5390625 8281864034936932. 
3.5625 7539490415263141. 
3.5859375 6.86936548231174E+15 
3.609375 6263924015724957. 
3.6328125 5716446971210091. 
3.65625 5220960977900267. 
3.6796875 4772150448853417. 
3.703125 4365280639083848. 
3.7265625 3996130216118672. 
3.75 3660932105299955. 
3.7734375 3356321540952462.5 
3.796875 3079290399340887.5 
3.8203125 2827147013639489. 
3.84375 2597480777951499.5 
3.8671875 2388130939315576.5 
3.890625 2197159055789420.2 
3.9140625 2022824666952683.2 
3.9375 1863563782086874.2 
3.9609375 1717969842201325. 
3.984375 1584776856117298.5 
4.0078125 1462844448960809.7 
4.03125 1351144594477222.7 
4.0546875 1248749831270954.2 
4.078125 1154822787994683. 
4.1015625 1068606864181421.5 
4.125 989417932273803.25 
4.1484375 916636942834681.5 
4.171875 849703329252802.37 
4.1953125 788109120763411. 
4.21875 731393683531306.12 
4.2421875 679139019099126.37 
4.265625 630965557867729.87 
4.2890625 586528392602894.25 
4.3125 545513903387694.25 
4.3359375 507636731078610.25 
4.359375 472637061276518.06 
4.3828125 440278185178051.44 
4.40625 410344307504162.19 
4.4296875 382638575076658.62 
4.453125 356981302587059.31 
4.4765625 333208374725008.75 
4.5 311169806148896.25 
4.5234375 290728442826940.5 
4.546875 271758790085716.5 
4.5703125 254145954303447.66 
4.59375 237784686602666.53 
4.6171875 222578518152871.31 
4.640625 208438977807597.34 
4.6640625 195284883789057.5 
4.6875 183041702011532.59 
4.7109375 171640964415194.94 
4.734375 161019741376276.75 
4.7578125 151120162877364.62 
4.78125 141888983672087.66 
4.8046875 133277188168984.14 
4.828125 125239631196993.36 
4.8515625 117734711205558.97 
4.875 110724072801206.67 
4.8984375 104172335834254.33 
4.921875 98046848528136.969 
4.9453125 92317462393424.234 
4.96875 86956326892029.547 
4.9921875 81937702017400.375 
5.015625 77237787136002.094 
5.0390625 72834564596510.953 
5.0625 68707656757755. 
5.0859375 64838195216329.984 
5.109375 61208701131613.273 
5.1328125 57802975650900.477 
5.15625 54605999531897.07 
5.1796875 51603841144900.609 
5.203125 48783572113672.07 
5.2265625 46133189923105.547 
5.25 43641546884156.492 
5.2734375 41298284902737.687 
5.296875 39093775550097.68 
5.3203125 37019064978101.453 
5.34375 35065823264313.961 
5.3671875 33226297809333.445 
5.390625 31493270442755.801 
5.4140625 29860017924932.582 
5.4375 28320275559509.625 
5.4609375 26868203657007.965 
5.484375 25498356612584.375 
5.5078125 24205654381895.055 
5.53125 22985356157832.234 
5.5546875 21833036068044.758 
5.578125 20744560728694.75 
5.6015625 19716068504068.691 
5.625 18743950334519.758 
5.6484375 17824832006926.684 
5.671875 16955557752516.937 
5.6953125 16133175066615.439 
5.71875 15354920653719.334 
5.7421875 14618207409374.641 
5.765625 13920612357683.967 
5.7890625 13259865469991.035 
5.8125 12633839296414.275 
5.8359375 12040539347503.945 
5.859375 11478095168411.334 
5.8828125 10944752052632.391 
5.90625 10438863346669.746 
5.9296875 9958883300865.9453 
5.953125 9503360425245.2148 
5.9765625 9070931312477.125 
6. 8660314893085.3604 
6.0234375 8270307090773.4375 
6.046875 7899775848266.8691 
6.0703125 7547656496385.2383 
6.09375 7212947441184.7627 
6.1171875 6894706145959.665 
6.140625 6592045386684.1641 
6.1640625 6304129761121.4219 
6.1875 6030172433338.9395 
6.2109375 5769432096759.7373 
6.234375 5521210140158.127 
6.2578125 5284848002185.3271 
6.28125 5059724701094.2764 
6.3046875 4845254527328.4873 
6.328125 4640884887561.4062 
6.3515625 4446094289616.1621 
6.375 4260390458479.2119 
6.3984375 4083308574338.248 
6.421875 3914409624241.0742 
6.4453125 3753278859582.9644 
6.46875 3599524352196.7119 
6.4921875 3452775642341.5972 
6.515625 3312682472369.7979 
6.5390625 3178913600295.1221 
6.5625 3051155687900.4395 
6.5859375 2929112258402.0454 
6.609375 2812502719041.5156 
6.6328125 2701061444301.5981 
6.65625 2594536915745.3037 
6.6796875 2492690914756.5713 
6.703125 2395297764720.0288 
6.7265625 2302143619417.5117 
6.75 2213025794641.6646 
6.7734375 2127752140232.2278 
6.796875 2046140449933.6743 
6.8203125 1968017906648.5159 
6.84375 1893220560826.5361 
6.8671875 1821592839882.6694 
6.890625 1752987086678.1865 
6.9140625 1687263125231.8267 
6.9375 1624287851950.3687 
6.9609375 1563934850781.293 
6.984375 1506084030796.9719 
7.0078125 1450621284817.6997 
7.03125 1397438167772.6421 
7.0546875 1346431593583.3442 
7.078125 1297503549433.1772 
7.1015625 1250560826360.8145 
7.125 1205514765183.8474 
7.1484375 1162281016823.2187 
7.171875 1120779316158.8684 
7.1953125 1080933268602.6367 
7.21875 1042670148626.0248 
7.2421875 1005920709529.6973 
7.265625 970619003785.79883 
7.2890625 936702213327.02991 
7.3125 904110489195.42065 
7.3359375 872786800000.64417 
7.359375 842676788671.86267 
7.3828125 813728637019.37781 
7.40625 785892937652. 
7.4296875 759122572824.37756 
7.453125 733372599814.37207 
7.4765625 708600142455.28113 
7.5 684764288470.43494 
7.5234375 661825992279.23621 
7.546875 639747982963.58704 
7.5703125 618494677102.54639 
7.59375 598032096200.59558 
7.6171875 578327788451.21033 
7.640625 559350754593.0365 
7.6640625 541071377630.24512 
7.6875 523461356202.22351 
7.734375 490142376842.30914 
7.78125 459191397374.34631 
7.828125 430423328480.82196 
7.875 403668811899.21686 
7.921875 378772779460.89923 
7.96875 355593153368.46014 
8.015625 333999672985.20105 
8.0625 313872835035.7912 
8.109375 295102935553.26996 
8.15625 277589203177.74902 
8.203125 261239014536.52969 
8.25 245967183431.64581 
8.296875 231695316443.95575 
8.34375 218351228346.94269 
8.390625 205868411419.45758 
8.4375 194185553365.48053 
8.484375 183246099099.48495 
8.53125 172997852146.01535 
8.578125 163392611838.74347 
8.625 154385842893.60641 
8.671875 145936374277.96759 
8.71875 138006124608.01749 
8.765625 130559851583.80658 
8.8125 123564923219.2216 
8.859375 116991108846.09892 
8.90625 110810388070.33759 
8.953125 104996776035.95602 
9. 99526163512.728714 
9.046875 94376170466.347443 
9.09375 89526011898.764297 
9.140625 84956374862.021317 
9.1875 80649305652.879471 
9.234375 76588106289.145447 
9.28125 72757239452.860275 
9.328125 69142241161.425278 
9.375 65729640496.209015 
9.421875 62506885779.899635 
9.46875 59462276649.637512 
9.515625 56584901523.266914 
9.5625 53864580001.593353 
9.609375 51291809790.638641 
9.65625 48857717765.137047 
9.703125 46554014828.231201 
9.75 44372954252.840912 
9.796875 42307293217.883041 
9.84375 40350257277.605698 
9.890625 38495507525.090897 
9.9375 36737110231.656471 
9.984375 35069508762.689102 
10.03125 33487497587.499252 
10.078125 31986198216.345409 
10.125 30561036911.8895 
10.171875 29207724035.218464 
10.21875 27922234898.28923 
10.265625 26700792005.328762 
10.3125 25539848575.465981 
10.359375 24436073247.751915 
10.40625 23386335877.833172 
10.453125 22387694342.954144 
10.5 21437382278.718761 
10.546875 20532797677.236759 
10.59375 19671492281.925621 
10.640625 18851161719.418625 
10.6875 18069636313.762363 
10.734375 17324872532.427937 
10.78125 16614945017.627914 
10.828125 15938039160.080172 
10.875 15292444175.695421 
10.921875 14676546648.731934 
10.96875 14088824507.772316 
11.015625 13527841403.463566 
11.0625 12992241459.329514 
11.109375 12480744369.149511 
11.15625 11992140816.401966 
11.203125 11525288193.113728 
11.25 11079106597.155434 
11.296875 10652575088.585495 
11.34375 10244728187.083717 
11.390625 9854652593.8425026 
11.4375 9481484122.5041065 
11.484375 9124404824.8623238 
11.53125 8782640298.0832996 
11.578125 8455457161.1617908 
11.625 8142160689.2150316 
11.671875 7842092595.0322332 
11.71875 7554628948.0559206 
11.765625 7279178221.6689434 
11.8125 7015179460.3060617 
11.859375 6762100558.5079679 
11.90625 6519436644.5868721 
11.953125 6286708562.0853825 
12. 6063461442.6840477 
12.046875 5849263364.6511946 
12.09375 5643704091.3359404 
12.140625 5446393884.5823431 
12.1875 5256962388.2912321 
12.234375 5075057577.6817474 
12.28125 4900344770.1046114 
12.328125 4732505693.5381851 
12.375 4571237609.1592512 
12.421875 4416252484.6191893 
12.46875 4267276214.8814926 
12.515625 4124047887.6840816 
12.5625 3986319090.8836961 
12.609375 3853853259.1186047 
12.65625 3726425057.3942204 
12.703125 3603819799.3516207 
12.75 3485832898.1238422 
12.796875 3372269347.8201075 
12.84375 3262943233.8034639 
12.890625 3157677270.0456634 
12.9375 3056302361.9506989 
12.984375 2958657193.1419525 
13.03125 2864587834.8019123 
13.078125 2773947376.2423682 
13.125 2686595575.465899 
13.171875 2602398528.5563617 
13.21875 2521228356.8086643 
13.265625 2442962910.5749593 
13.3125 2367485488.8678555 
13.359375 2294684573.8196568 
13.40625 2224453579.1519933 
13.453125 2156690611.8611641 
13.5 2091298246.3733652 
13.546875 2028183310.4680891 
13.59375 1967256682.3108869 
13.640625 1908433097.975646 
13.6875 1851630968.8736327 
13.734375 1796772208.5411432 
13.78125 1743782068.2700922 
13.828125 1692588981.0959446 
13.875 1643124413.68624 
13.921875 1595322725.6993995 
13.96875 1549121036.2086947 
14.015625 1504459096.8096044 
14.0625 1461279171.0509408 
14.109375 1419525919.8507354 
14.15625 1379146292.577461 
14.203125 1340089423.4950294 
14.25 1302306533.2877014 
14.296875 1265750835.3965442 
14.34375 1230377446.9146819 
14.390625 1196143303.8024487 
14.4375 1163007080.197217 
14.484375 1130929111.6049795 
14.53125 1099871321.7728283 
14.578125 1069797153.0523343 
14.625 1040671500.0746715 
14.671875 1012460646.5677476 
14.71875 985132205.15528703 
14.765625 958655059.98623276 
14.8125 932999312.05133474 
14.859375 908136227.05130434 
14.90625 884038185.68844509 
14.953125 860678636.26037836 
15. 838032049.44109023 
15.046875 816073875.14064431 
15.09375 794780501.34059811 
15.140625 774129214.80773151 
15.1875 754098163.59374654 
15.234375 734666321.23348975 
15.28125 715813452.55884731 
15.328125 697520081.04972935 
15.375 679767457.64774144 
15.421875 662537530.96192861 
15.46875 645812918.79957974 
15.515625 629576880.95874155 
15.5625 613813293.22201037 
15.609375 598506622.49460757 
15.65625 583641903.03238177 
15.703125 569204713.70827007 
15.75 555181156.26834536 
15.796875 541557834.53099549 
15.84375 528321834.48515517 
15.890625 515460705.24569809 
15.9375 502962440.82619435 
15.984375 490815462.69121927 
16.03125 479008603.05225039 
16.078125 467531088.87302536 
16.125 456372526.55181444 
16.171875 445522887.24977726 
16.21875 434972492.83597994 
16.265625 424712002.42111737 
16.3125 414732399.45338464 
16.359375 405024979.35116088 
16.40625 395581337.64841467 
16.453125 386393358.62992549 
16.5 377453204.4344781 
16.546875 368753304.60524493 
16.59375 360286346.0675562 
16.640625 352045263.51520175 
16.6875 344023230.1873098 
16.734375 336213649.01865584 
16.78125 328610144.14711201 
16.828125 321206552.76266772 
16.875 313996917.28323084 
16.921875 306975477.84300303 
16.96875 300136665.0800333 
17.015625 293475093.21003377 
17.0625 286985553.3742159 
17.109375 280663007.24944669 
17.15625 274502580.9095487 
17.203125 268499558.92709464 
17.25 262649378.70554411 
17.34375 251390024.8410989 
17.4375 240690873.37847856 
17.53125 230520396.26577377 
17.625 220849037.15800175 
17.71875 211649076.18953314 
17.8125 202894504.81456876 
17.90625 194560909.90847409 
18. 186625366.39209485 
18.09375 179066337.70400658 
18.1875 171863583.50287947 
18.28125 164998074.03415993 
18.375 158451910.64266682 
18.46875 152208251.9558329 
18.5625 146251245.30166829 
18.65625 140565962.96138683 
18.75 135138342.88936388 
18.84375 129955133.56297079 
18.9375 125003842.65211768 
19.03125 120272689.22329071 
19.125 115750559.21565731 
19.21875 111426963.9476921 
19.3125 107292001.43186679 
19.40625 103336320.2924432 
19.5 99551086.097420469 
19.59375 95927949.930401668 
19.6875 92459019.041594133 
19.78125 89136829.429542273 
19.875 85954320.216529474 
19.96875 82904809.691019014 
20.0625 79981972.900087878 
20.15625 77179820.683602571 
20.25 74492680.050010592 
20.34375 71915175.801052272 
20.4375 69442213.319579333 
20.53125 67068962.440990642 
20.625 64790842.334603429 
20.71875 62603507.326665156 
20.8125 60502833.601667702 
20.90625 58484906.723174691 
21. 56546009.919616416 
21.09375 54682613.084386982 
21.1875 52891362.443180755 
21.28125 51169070.844837837 
21.375 49512708.635033339 
21.46875 47919395.075001895 
21.5625 46386390.270109974 
21.65625 44911087.57553672 
21.75 43491006.448573157 
21.84375 42123785.719141476 
21.9375 40807177.252082162 
22.03125 39539039.976540163 
22.125 38317334.259460054 
22.21875 37140116.601740502 
22.3125 36005534.637034163 
22.40625 34911822.414514758 
22.5 33857295.948167332 
22.59375 32840349.016313437 
22.6875 31859449.196145494 
22.78125 30913134.119047999 
22.875 30000007.933397818 
22.96875 29118737.962408789 
23.0625 28268051.545375694 
23.15625 27446733.051428229 
23.25 26653621.055594243 
23.34375 25887605.667623799 
23.4375 25147626.00462592 
23.53125 24432667.799137797 
23.625 23741761.134764284 
23.71875 23073978.30202385 
23.8125 22428431.767487239 
23.90625 21804272.249727044 
24. 21200686.895993832 
24.09375 20616897.553905774 
24.1875 20052159.132788774 
24.28125 19505758.04962917 
24.375 18977010.754905634 
24.46875 18465262.333850633 
24.5625 17969885.178959318 
24.65625 17490277.729814108 
24.75 17025863.276524 
24.84375 16576088.82329908 
24.9375 16140424.008883331 
25.03125 15718360.080763221 
25.125 15309408.920247555 
25.21875 14913102.11568235 
25.3125 14528990.081226077 
25.40625 14156641.218755601 
25.5 13795641.120612366 
25.59375 13445591.811033016 
25.6875 13106111.024227373 
25.78125 12776831.51718322 
25.875 12457400.415386247 
25.96875 12147478.589745762 
26.0625 11846740.063109975 
26.15625 11554871.444847716 
26.25 11271571.392055163 
26.34375 10996550.096028946 
26.4375 10729528.792717753 
26.53125 10470239.295939513 
26.625 10218423.552213427 
26.71875 9973833.2161216028 
26.8125 9736229.2451719884 
26.90625 9505381.5131912287 
27. 9281068.4413264915 
27.09375 9063076.6457861103 
27.1875 8851200.6014945935 
27.28125 8645242.3208811507 
27.375 8445011.0470623262 
27.46875 8250322.9607184771 
27.5625 8061000.9000004735 
27.65625 7876874.0928370357 
27.75 7697777.9010467567 
27.84375 7523553.5756895728 
27.9375 7354048.0231206547 
28.03125 7189113.5812392104 
28.125 7028607.8054485619 
28.21875 6872393.2638698313 
28.3125 6720337.3413750138 
28.40625 6572312.0520261368 
28.5 6428193.8595287511 
28.59375 6287863.5053281281 
28.6875 6151205.843993796 
28.78125 6018109.685557154 
28.875 5888467.6444828194 
28.96875 5762175.9949700711 
29.0625 5639134.5322962534 
29.15625 5519246.4399278425 
29.25 5402418.162137947 
29.34375 5288559.2818827769 
29.4375 5177582.4037006088 
29.53125 5069403.0414085956 
29.625 4963939.510383971 
29.71875 4861112.8242258327 
29.8125 4760846.5956038497 
29.90625 4663066.9411093583 
30. 4567702.3899332695 
