
0.984375 9.4403734682408026E+17 
0.99609375 8.3222485418759514E+17 
1.0078125 7.3511779067083853E+17 
1.01953125 6.506006587145751E+17 
1.03125 5.768871172376672E+17 
1.04296875 5.1246507420851526E+17 
1.0546875 4.5605152978562976E+17 
1.06640625 4.0655533740366099E+17 
1.078125 3.630464129613815E+17 
1.08984375 3.2473020972332986E+17 
1.1015625 2.9092650502300397E+17 
1.11328125 2.610517270027312E+17 
1.125 2.3460419526597453E+17 
1.13671875 2.1115176610428406E+17 
1.1484375 1.9032146687267558E+17 
1.16015625 1.7179077981203738E+17 
1.171875 1.5528029684066403E+17 
1.18359375 1.4054751646595917E+17 
1.1953125 1.2738159430049802E+17 
1.20703125 1.1559889152707514E+17 
1.21875 1.0503919249519018E+17 
1.23046875 9.556248460281232E+16 
1.2421875 87046211646741008. 
1.25390625 7.938292665356944E+16 
1.265625 72478282426703936. 
1.27734375 66249308142876504. 
1.2890625 60622928691681664. 
1.30078125 55534690387420936. 
1.3125 50927662448564872. 
1.32421875 46751488443304688. 
1.3359375 4.296156590872708E+16 
1.34765625 39518335703829072. 
1.359375 36386665465704544. 
1.37109375 33535313896289564. 
1.3828125 30936464590073084. 
1.39453125 28565319783819008. 
1.40625 2.639974581925838E+16 
1.41796875 24419963301659096. 
1.4296875 22608275946547336. 
1.44140625 2.094883296303166E+16 
1.453125 1.942742054960234E+16 
1.46484375 18031278697286936. 
1.4765625 16748940022629462. 
1.48828125 15570087803317204. 
1.5 1.448543077429172E+16 
1.51171875 13486592571821794. 
1.5234375 12566013995661428. 
1.53515625 11716866502107794. 
1.546875 10932975549463648. 
1.55859375 10208752597098242. 
1.5703125 9539134714238964. 
1.58203125 8919530888396439. 
1.59375 8.34577423897287E+15 
1.60546875 7.81407944171632E+15 
1.6171875 7321004756452399. 
1.62890625 6863418125828357. 
1.640625 6438466878234993. 
1.65234375 6.04355062499367E+15 
1.6640625 5676296991474495. 
1.67578125 5334539865045179. 
1.6875 5016299880493457. 
1.69921875 4719766896555844. 
1.7109375 4443284246049364.5 
1.72265625 4185334567388563.5 
1.734375 3944527047441929.5 
1.74609375 3719585925146244. 
1.7578125 3509340122401897.5 
1.76953125 3312713883818546. 
1.78125 3128718320130339. 
1.79296875 2956443761779422.5 
1.8046875 2795052839471186. 
1.81640625 2643774217606379.5 
1.828125 2501896914541728. 
1.83984375 2368765150750333.5 
1.8515625 2243773672259991.7 
1.86328125 2126363502338184.2 
1.875 2016018079353715.5 
1.88671875 1912259743150989.5 
1.8984375 1814646536189856.2 
1.91015625 1722769289188170.2 
1.921875 1636248964107918.5 
1.93359375 1554734230090528. 
1.9453125 1477899250414220.5 
1.95703125 1405441660747939.7 
1.96875 1337080720943961.3 
1.98046875 1272555624370189.2 
1.9921875 1211623950357530.7 
2.00390625 1154060246747182.7 
2.015625 1099654730786375.5 
2.02734375 1048212097754144.7 
2.0390625 999550427716062.87 
2.05078125 953500181720417.12 
2.0625 909903279569809.12 
2.07421875 868612252040922.62 
2.0859375 829489461090412.62 
2.09765625 792406382184038. 
2.109375 757242943426361.25 
2.12109375 723886916655547.62 
2.1328125 692233356107813.87 
2.14453125 662184080653227.37 
2.15625 633647195963965.12 
2.1796875 580771841897588.5 
2.203125 532981927379181.94 
2.2265625 489727698594491.25 
2.25 450525048598941.19 
2.2734375 414946969179122.87 
2.296875 382616204462439.62 
2.3203125 353198925314729.12 
2.34375 326399272562374.75 
2.3671875 301954641154849.69 
2.390625 279631597423706.22 
2.4140625 259222338309232.19 
2.4375 240541615397338.16 
2.4609375 223424058311725.59 
2.484375 207721841828383.81 
2.5078125 193302649339640.31 
2.53125 180047892255270.53 
2.5546875 167851150804368.37 
2.578125 156616806671919.53 
2.6015625 146258842115704.09 
2.625 136699783784469.78 
2.6484375 127869772498778.28 
2.671875 119705742845985.05 
2.6953125 112150698650949.94 
2.71875 105153072273117.86 
2.7421875 98666157297887.906 
2.765625 92647605576937.656 
2.7890625 87058980763156.406 
2.8125 81865361510286.703 
2.8359375 77034988389822.703 
2.859375 72538949339063.641 
2.8828125 68350899111956.469 
2.90625 64446808773469.336 
2.9296875 60804741771283.617 
2.953125 57404653546379.812 
2.9765625 54228212015725.312 
3. 51258636583567.445 
3.0234375 48480553619442.711 
3.046875 45879866586612.539 
3.0703125 43443639219120.844 
3.09375 41159990333184.984 
3.1171875 39017999022800.141 
3.140625 37007619133304.875 
3.1640625 35119602032912.203 
3.1875 33345426813110.059 
3.2109375 31677237146380.281 
3.234375 30107784115564.035 
3.2578125 28630374404902.84 
3.28125 27238823309576.281 
3.3046875 25927412079560.859 
3.328125 24690849165807.105 
3.3515625 23524234982912.344 
3.375 22423029843384.004 
3.3984375 21383024754882.676 
3.421875 20400314804052.809 
3.4453125 19471274879185.539 
3.46875 18592537509425.059 
3.4921875 17760972620910.047 
3.515625 16973669030450.072 
3.5390625 16227917515363.941 
3.5625 15521195314201.572 
3.5859375 14851151927450.912 
3.609375 14215596100195.219 
3.6328125 13612483880198.068 
3.65625 13039907655207.953 
3.6796875 12496086082522.934 
3.703125 11979354832153.793 
3.7265625 11488158072379.812 
3.75 11021040633186.598 
3.7734375 10576640789105.473 
3.796875 10153683608395.547 
3.8203125 9750974820398.4375 
3.84375 9367395157301.1797 
3.8671875 9001895130518.4961 
3.890625 8653490205495.5059 
3.9140625 8321256341975.1035 
3.9375 8004325869707.998 
3.9609375 7701883672235.3994 
3.984375 7413163653780.2227 
4.0078125 7137445466457.7998 
4.03125 6874051476992.3721 
4.0546875 6622343953917.7588 
4.078125 6381722457866.1572 
4.1015625 6151621419027.2217 
4.125 5931507887203.5654 
4.1484375 5720879441110.4053 
4.171875 5519262244679.7197 
4.1953125 5326209239142.9307 
4.21875 5141298460589.791 
4.2421875 4964131473542.7686 
4.265625 4794331911855.5498 
4.2890625 4631544118945.5371 
4.3125 4475431880011.4775 
4.3359375 4325677239473.4268 
4.359375 4181979397408.0718 
4.3828125 4044053679243.1626 
4.40625 3911630573423.6353 
4.4296875 3784454832173.7773 
4.453125 3662284630856.7471 
4.4765625 3544890781778.9604 
4.5 3432055998603.563 
4.5234375 3323574207829.895 
4.546875 3219249904062.146 
4.5703125 3118897546037.5234 
4.59375 3022340990609.959 
4.6171875 2929412962093.5532 
4.640625 2839954554561.7603 
4.6640625 2753814764874.5498 
4.6875 2670850054368.2598 
4.7109375 2590923937292.9502 
4.734375 2513906594220.0986 
4.7578125 2439674508770.6958 
4.78125 2368110126132.1494 
4.8046875 2299101531940.2822 
4.828125 2232542150203.8481 
4.8515625 2168330459041.1904 
4.875 2106369723085.0479 
4.921875 1988836610554.0823 
4.96875 1879255442231.1287 
5.015625 1777000745385.3103 
5.0625 1681502751033.0933 
5.109375 1592241879477.051 
5.15625 1508743824438.8584 
5.203125 1430575165287.9941 
5.25 1357339445800.1646 
5.296875 1288673665602.5283 
5.34375 1224245137151.3491 
5.390625 1163748666887.2056 
5.4375 1106904024250.7129 
5.484375 1053453666622.8893 
5.53125 1003160692070.5862 
5.578125 955806995105.63049 
5.625 911191603573.5 
5.671875 869129177329.56165 
5.71875 829448651587.06458 
5.765625 791992009773.34253 
5.8125 756613172444.14441 
5.859375 723176990312.54541 
5.90625 691558330774.61194 
5.953125 661641248482.03784 
6. 633318231542.64368 
6.046875 606489515839.55164 
6.09375 581062460764.6991 
6.140625 556950980374.63416 
6.1875 534075024607.69299 
6.234375 512360105761.64288 
6.28125 491736865928.0874 
6.328125 472140681522.02869 
6.375 453511301438.17163 
6.421875 435792515716.12903 
6.46875 418931851908.95837 
6.515625 402880296628.34113 
6.5625 387592039988.83832 
6.609375 373024240896.37134 
6.65625 359136811325.48535 
6.703125 345892217908.52686 
6.75 333255299320.05804 
6.796875 321193098083.55457 
6.84375 309674705556.52051 
6.890625 298671118966.26617 
6.9375 288155109473.00299 
6.984375 278101100330.97845 
7.03125 268485054303.14581 
7.078125 259284369561.29626 
7.125 250477783372.63318 
7.171875 242045282936.12845 
7.21875 233968022788.33688 
7.265625 226228248249.40912 
7.3125 218809224426.21774 
7.359375 211695170331.35233 
7.40625 204871197714.71875 
7.453125 198323254238.93478 
7.5 192038070660.9646 
7.546875 186003111710.89944 
7.59375 180206530384.61707 
7.640625 174637125390.60345 
7.6875 169284301512.63959 
7.734375 164138032669.55542 
7.78125 159188827471.10321 
7.828125 154427697085.2066 
7.875 149846125246.67947 
7.921875 145436040251.07367 
7.96875 141189788789.68973 
8.015625 137100111493.1096 
8.0625 133160120060.98685 
8.109375 129363275865.32816 
8.15625 125703369923.19743 
8.203125 122174504142.75089 
8.25 118771073753.84262 
8.296875 115487750841.1454 
8.34375 112319468903.91269 
8.390625 109261408372.17741 
8.4375 106308983014.39195 
8.484375 103457827176.32037 
8.53125 100703783795.40395 
8.578125 98042893138.883591 
8.625 95471382217.721252 
8.671875 92985654831.802185 
8.71875 90582282205.103958 
8.765625 88257994172.436905 
8.8125 86009670882.093246 
8.859375 83834334981.242798 
8.90625 81729144253.228424 
8.953125 79691384678.059464 
9. 77718463889.389282 
9.046875 75807905003.084854 
9.09375 73957340794.206329 
9.140625 72164508200.78566 
9.1875 70427243134.246857 
9.234375 68743475577.668549 
9.28125 67111224954.340477 
9.328125 65528595750.229599 
9.375 63993773375.054031 
9.421875 62505020247.666901 
9.46875 61060672092.380409 
9.515625 59659134433.732246 
9.5625 58298879278.002502 
9.609375 56978441970.535355 
9.65625 55696418218.621689 
9.703125 54451461270.349251 
9.75 53242279240.427933 
9.796875 52067632574.566681 
9.84375 50926331644.50399 
9.890625 49817234466.280922 
9.9375 48739244534.806564 
9.984375 47691308768.194427 
10.03125 46672415555.739197 
10.078125 45681592903.786247 
10.125 44717906674.086929 
10.171875 43780458909.559151 
10.21875 42868386242.678673 
10.265625 41980858382.010513 
10.3125 41117076672.652954 
10.359375 40276272726.621002 
10.40625 39457707119.423302 
10.453125 38660668149.311096 
10.5 37884470655.876022 
10.546875 37128454894.871368 
10.59375 36391985466.306198 
10.640625 35674450293.034599 
10.6875 34975259647.215881 
10.734375 34293845222.176144 
10.78125 33629659247.332985 
10.828125 32982173643.984909 
10.875 32350879219.882267 
10.96875 31134916995.973495 
11.0625 29978048419.568317 
11.15625 28876805812.403931 
11.25 27827957961.921432 
11.34375 26828491847.09597 
11.4375 25875595936.424286 
11.53125 24966644909.504097 
11.625 24099185668.900021 
11.71875 23270924522.561714 
11.8125 22479715429.138939 
11.90625 21723549209.308617 
12. 21000543635.831211 
12.09375 20308934323.635441 
12.1875 19647066348.897346 
12.28125 19013386532.94416 
12.375 18406436332.960655 
12.46875 17824845286.987404 
12.5625 17267324965.647072 
12.65625 16732663387.48127 
12.75 16219719858.771475 
12.84375 15727420202.318832 
12.9375 15254752342.892797 
13.03125 14800762219.980513 
13.125 14364550001.103783 
13.21875 13945266571.348936 
13.3125 13542110276.907148 
13.40625 13154323902.367218 
13.5 12781191863.264502 
13.59375 12422037596.985292 
13.6875 12076221136.573816 
13.78125 11743136853.300394 
13.875 11422211355.043972 
13.96875 11112901528.623625 
14.0625 10814692715.201496 
14.15625 10527097008.775127 
14.25 10249651668.594772 
14.34375 9981917637.0863132 
14.4375 9723478155.5392437 
14.53125 9473937470.4390678 
14.625 9232919623.8904305 
14.71875 9000067322.093565 
14.8125 8775040876.311552 
14.90625 8557517211.1971207 
15. 8347188935.7462168 
15.09375 8143763472.5075083 
15.1875 7946962241.0110903 
15.28125 7756519891.6849375 
15.375 7572183586.8085489 
15.46875 7393712325.3107939 
15.5625 7220876308.4559288 
15.65625 7053456343.6796818 
15.75 6891243284.0380507 
15.84375 6734037500.9151039 
15.9375 6581648387.807476 
16.03125 6433893893.1587286 
16.125 6290600080.3619318 
16.21875 6151600713.182004 
16.3125 6016736864.9726086 
16.40625 5885856550.1755533 
16.5 5758814376.6965857 
16.59375 5635471217.8479557 
16.6875 5515693902.6382427 
16.78125 5399354923.2732506 
16.875 5286332158.808466 
16.96875 5176508613.9655256 
17.0625 5069772172.1906471 
17.15625 4966015362.0947237 
17.25 4865135136.4716597 
17.34375 4767032663.1443291 
17.4375 4671613126.9364471 
17.53125 4578785542.1145182 
17.625 4488462574.6862354 
17.71875 4400560373.9808903 
17.8125 4314998412.9746542 
17.90625 4231699336.856854 
18. 4150588819.3658452 
18.09375 4071595426.4522572 
18.1875 3994650486.8551068 
18.28125 3919687969.2020144 
18.375 3846644365.2686439 
18.46875 3775458579.0548601 
18.5625 3706071821.3560929 
18.65625 3638427509.5277176 
18.75 3572471172.1586838 
18.84375 3508150358.3873787 
18.9375 3445414551.608912 
19.03125 3384215087.3377037 
19.125 3324505075.0031486 
19.21875 3266239323.4693975 
19.3125 3209374270.0821652 
19.40625 3153867913.0571818 
19.5 3099679747.0354605 
19.59375 3046770701.6406112 
19.6875 2995103082.8829021 
19.78125 2944640517.2634764 
19.875 2895347898.4405231 
19.96875 2847191336.3269091 
20.0625 2800138108.4961081 
20.15625 2754156613.7800579 
20.25 2709216327.9491553 
20.34375 2665287761.3703542 
20.4375 2622342418.5454073 
20.53125 2580352759.4363832 
20.625 2539292162.4906459 
20.71875 2499134889.2822256 
20.8125 2459856050.691185 
20.90625 2421431574.546339 
21. 2383838174.6610975 
21.09375 2347053321.1956453 
21.1875 2311055212.2822046 
21.28125 2275822746.8536391 
21.375 2241335498.6184955 
21.46875 2207573691.1287146 
21.5625 2174518173.8889298 
21.65625 2142150399.4590225 
21.75 2110452401.5038681 
21.84375 2079406773.7466774 
21.9375 2048996649.7846432 
22.03125 2019205683.7273986 
22.125 1990018031.6210754 
22.21875 1961418333.6224124 
22.3125 1933391696.8892131 
22.40625 1905923679.1550937 
22.5 1879000272.9580154 
22.59375 1852607890.4937074 
22.6875 1826733349.0662875 
22.78125 1801363857.1099579 
22.875 1776487000.7567184 
22.96875 1752090730.9264126 
23.0625 1728163350.9164314 
23.15625 1704693504.4695599 
23.25 1681670164.2993984 
23.34375 1659082621.0538423 
23.4375 1636920472.6979635 
23.53125 1615173614.298564 
23.625 1593832228.1934016 
23.71875 1572886774.5290031 
23.8125 1552327982.1516399 
23.90625 1532146839.8367476 
24. 1512334587.8428164 
24.09375 1492882709.776314 
24.1875 1473782924.754931 
24.28125 1455027179.8568804 
24.375 1436607642.8446901 
24.46875 1418516695.1522665 
24.5625 1400746925.1246827 
24.65625 1383291121.5004904 
24.75 1366142267.1268613 
24.84375 1349293532.8983023 
24.9375 1332738271.9100025 
25.03125 1316470013.8174224 
25.125 1300482459.3939614 
25.21875 1284769475.2789202 
25.3125 1269325088.9083717 
25.40625 1254143483.6218395 
25.5 1239218993.9379237 
25.6875 1210119428.1326089 
25.875 1181983921.7293584 
26.0625 1154772147.6023781 
26.25 1128445796.2243381 
26.4375 1102968458.8790064 
26.625 1078305518.5198212 
26.8125 1054424047.7175 
27. 1031292713.1843297 
27.1875 1008881686.4036328 
27.375 987162559.92984986 
27.5625 966108268.95876241 
27.75 945693017.79851139 
27.9375 925892210.90034866 
28.125 906682388.13435137 
28.3125 888041164.01908362 
28.5 869947170.63615549 
28.6875 852380003.98078537 
28.875 835320173.51793909 
29.0625 818749054.73062003 
29.25 802648844.4625349 
29.4375 787002518.87167585 
29.625 771793793.82470512 
29.8125 757007087.57417643 
30. 742627485.57182491 
